5974
5975
5976
5977
5978
5979
5980
5982
5983
5987
5992
5994
6016
6017
6018
6019
6020
6021
6027
6028
6029
6034
6068
6069
6075
6076
6077
6079
6080
6083
6084
6086
6089
6090
6091
6092
6093
6094
6095
6096
6097
6098
6099
6100
6101
6102
6103
6105
6107
6108
6109
6113
6116
6118
6119
6122
6124
6125
6126
6127
6133
6138
6139
6140
6142
6143
6146
6148
6149
6155
6156
6158
6159
6160
6161
6169
7189
7190
7194
7195
7196
7197
7206
7209
7210
7211
7212
7213
7215
7230
7231
7232
7253
7254
7257
7260
7261
7263
7264
7265
7268
7269
7270
7271
7282
7287
7288
7289
7290
7291
7292
7293
7294
7295
7296
7297
7298
7299
7300
7301
7302
7303
7304
7305
7306
7307
7308
7309
7310
7311
7321
7322
7323
7324
7325
7326
7338
7361
7363
7376
7386
7397
7403
7406
7419
7420
7421
7422
7423
7426
7427
7428
7432
7438
7442
7449
7454
7455
7456
7457
7459
7461
7462
7465
7468
7497
7499
7502
7512
7534
7535
7536
7537
7543
7549
7555
7564
7586
7588
7593
7599
7632
7633
7656
7657
7658
7659
7662
7664
7666
7669
7670
7672
7673
7675
7677
7678
7682
7684
7685
7686
7687
7688
7691
7696
7697
7703
7706
7716
7719
7721
7725
7747
7751
7759
7760
7763
7767
7770
7771
7976
7990
7996
7997
7999
8000
8001
8003
8004
8005
8006
8007
8008
8018
8049
8050
8058
8062
8064
8074
8119
8120
8125
8126
8135
8141
8143
8148
8158
8159
8165
